   2.0000000e+00  -4.4100331e-01   1.1691583e-01  -5.4028542e-02  -4.2979767e-01  -1.2996703e+00  -2.1511205e-01
   2.0000000e+00   1.3927778e-01  -1.1179800e+00  -2.9830284e-01  -4.1133641e-01   9.0799756e-01  -9.4348395e-01
   2.0000000e+00   6.9948513e-01  -4.8432446e-01  -3.0518440e-01  -1.7594519e-01   4.3353109e-01  -7.4386909e-01
   2.0000000e+00  -9.3997884e-01   3.6617171e-01  -3.6097536e-01  -3.3469008e-01   9.9292578e-01   1.5422130e+00
   2.0000000e+00   9.1554687e-01  -1.3091693e-01   1.0242201e+00   1.7534822e-01   5.6888643e-01  -1.7270491e+00
   2.0000000e+00   1.3589664e+00   6.7702997e-01  -1.7348004e-01  -2.0730174e-02   5.8742626e-02  -1.3865773e-01
   2.0000000e+00  -7.2399607e-01   6.1194300e-01  -1.0148181e-01  -1.8910815e-01   4.3373268e-01   1.4369682e+00
   2.0000000e+00   3.3669894e-01  -1.4916886e+00   8.8291079e-01   7.9465025e-02   2.7375129e-02  -8.7172286e-01
   2.0000000e+00   5.6451985e-01   5.5236907e-01  -2.8816144e-01   1.7882079e+00  -1.7490900e-01  -1.6782982e+00
   1.0000000e+00   4.7541355e-01   1.7598324e-01  -3.0195889e-02   2.0560913e+00   2.1887144e-01   1.7601092e-01
   2.0000000e+00   8.1939398e-01  -1.3815437e+00   9.6911231e-01   2.6517142e+00  -7.1640843e-01   1.7655715e+00
   2.0000000e+00   1.8593936e+00  -4.5660305e-01   6.6717231e-01   9.6670841e-01  -9.3616787e-01   2.9928225e-01
   2.0000000e+00   2.1704390e-01   6.6904177e-01   6.1850259e-01   1.0167860e+00  -1.7322798e+00   1.5468276e+00
   2.0000000e+00  -3.0444672e-02  -4.1054839e-01  -1.3100577e+00   6.8814165e-01   6.4579762e-01  -2.7768968e-01
   2.0000000e+00  -1.7419981e-01   2.1448193e-01   7.8966933e-01  -1.8066638e+00   9.6574159e-02  -5.7744535e-01